90,4
90,3
90,2
90,1
90,0
89,4
89,3
89,2
89,1
89,0
88,4
88,3
88,2
88,1
88,0
87,4
87,3
87,2
87,1
87,0
86,5
86,4
86,3
86,2
86,1
86,0
85,5
85,4
85,3
85,2
85,1
85,0
84,4
84,3
84,2
84,1
84,0
83,5
83,4
83,3
83,2
83,1
83,0
82,5
82,4
82,3
82,2
82,1
82,0
81,4
81,3
81,2
81,1
81,0
80,4
80,3
80,2
80,1
80,0
79,5
79,4
79,3
79,2
79,1
79,0
78,5
78,4
78,3
78,2
78,1
78,0
77,4
77,3
77,2
77,1
77,0
76,5
76,4
76,3
76,2
76,1
76,0
75,5
75,4
75,3
75,2
75,1
75,0
74,5
74,4
74,3
74,2
74,1
74,0
73,3
73,2
73,1
73,0
72,4
72,3
72,2
72,1
72,0
71,5
71,4
71,3
71,2
71,1
71,0
70,4
70,3
70,2
70,1
70,0
69,3
69,2
69,1
69,0
68,4
68,3
68,2
68,1
68,0
67,5
67,4
67,3
67,2
67,1
67,0
66,3
66,2
66,1
66,0
65,4
65,3
65,2
65,1
65,0
64,5
64,4
64,3
64,2
64,1
64,0
63,3
63,2
63,1
63,0
62,5
62,4
62,3
62,2
62,1
62,0
61,5
61,4
61,3
61,2
61,1
61,0
60,5
60,4
60,3
60,2
60,1
60,0
55,6
4,3
4,2
4,1
4,0
3,6
3,5
3,4
3,3
3,2
3,1
3,0
2,2
2,1
2,0
1,2
1,1
1,0
0,310
58,5
58,4
58,3
58,2
58,1
58,0
56,4
56,3
56,2
56,1
56,0
55,5
55,4
55,3
55,2
55,1
55,0
53,4
53,3
53,2
53,1
53,0
52,4
52,3
52,2
52,1
52,0
51,5
51,4
51,3
51,2
51,1
51,0
49,4
49,3
49,2
49,1
49,0
48,4
48,3
48,2
48,1
48,0
46,3
46,2
46,1
46,0
42,3
42,2
42,1
42,0
37,3
37,2
37,1
37,0
2,3
1,3
0,408
0,322
0,308
0,307
0,305
0,304
0,303
0,302
0,243
0,12
0,10
0,9
0,8
0,0
0,1
0,425
0,300
0,426
0,299
0,424
0,298
0,423
0,297
0,422
0,296
0,421
0,295
0,420
0,294
0,419
0,293
0,418
0,292
0,417
0,291
0,434
0,290
0,433
0,289
0,416
0,288
0,415
0,287
0,414
0,286
0,432
0,285
0,413
0,284
0,437
0,283
0,431
0,282
0,411
0,281
0,410
0,280
0,412
0,279
0,409
0,278
0,407
0,277
0,406
0,276
0,405
0,275
0,404
0,274
0,403
0,273
0,430
0,272
0,402
0,271
0,401
0,270
0,400
0,269
0,429
0,268
0,398
0,267
0,397
0,266
0,399
0,265
0,396
0,264
0,395
0,263
0,394
0,262
0,393
0,261
0,392
0,260
0,391
0,259
0,428
0,258
0,390
0,257
0,389
0,256
0,388
0,255
0,427
0,254
0,386
0,253
0,385
0,252
0,387
0,251
0,384
0,250
0,383
0,249
0,382
0,248
0,381
0,247
0,380
0,246
0,379
0,245
0,436
0,244
0,378
0,242
0,377
0,241
0,376
0,240
0,435
0,239
0,374
0,238
0,373
0,237
0,375
0,236
0,372
0,235
0,371
0,234
0,370
0,233
0,369
0,232
0,365
0,231
0,364
0,230
0,363
0,229
0,362
0,228
0,361
0,227
0,360
0,226
0,359
0,225
0,358
0,224
0,357
0,223
0,356
0,222
0,355
0,221
0,354
0,220
0,353
0,219
0,352
0,218
0,351
0,217
0,350
0,216
0,349
0,215
0,348
0,214
0,347
0,213
0,346
0,212
0,345
0,211
0,344
0,210
0,343
0,209
0,342
0,208
0,368
0,207
0,341
0,206
0,340
0,205
0,339
0,204
0,337
0,203
0,336
0,202
0,338
0,201
0,335
0,200
0,334
0,199
0,333
0,198
0,332
0,197
0,331
0,196
0,330
0,195
0,329
0,194
0,328
0,193
0,367
0,192
0,366
0,63
0,327
0,62
0,326
0,61
0,325
0,60
0,324
0,59
0,323
0,58
0,321
0,57
0,320
0,56
0,319
0,55
0,318
0,54
0,317
0,53
0,316
0,52
0,315
0,51
0,314
0,50
0,313
0,49
0,312
0,48
0,311
0,47
0,309
0,46
0,306
0,45
0,301
0,6
0,5
0,11
0,4
0,2
0,3
0,7
